857
215 399
726 804
30 12
121 33
123 31
310 855
20 747
9 11
122 7
101 170
401 421
345 584
170 681
611 167
586 822
107 542
188 2
785 671
181 296
187 121
35 226
403 646
700 402
372 132
181 26
632 326
241 404
539 268
2 341
407 755
84 59
819 198
135 147
784 42
457 8
566 207
325 352
215 567
202 291
32 16
719 806
134 236
422 630
688 69
297 334
590 201
205 531
239 59
105 100
195 520
741 606
343 148
265 200
631 792
21 183
144 249
18 8
84 279
92 345
291 669
279 620
608 99
72 346
74 42
63 90
81 66
181 355
44 25
694 754
77 70
16 48
293 44
114 335
452 241
17 748
77 597
41 134
210 209
330 268
132 244
166 196
42 46
18 34
154 655
494 326
62 184
827 251
47 368
654 840
510 147
297 89
78 111
251 27
601 460
551 119
288 22
614 176
505 295
60 85
768 851
800 556
265 344
215 54
27 167
166 201
69 278
727 41
467 525
723 233
34 100
75 136
478 177
721 128
38 185
57 607
113 222
20 738
439 319
367 479
144 284
768 338
370 787
135 526
135 200
124 569
470 524
31 127
19 16
117 153
453 66
269 253
435 164
235 136
14 36
305 622
554 149
582 116
261 93
22 98
317 234
298 181
483 85
133 105
92 22
59 97
67 662
216 70
703 364
151 645
170 356
37 212
640 776
771 748
205 220
739 329
284 548
530 152
515 489
117 46
54 59
51 178
76 69
48 287
394 263
220 340
523 767
577 647
187 506
136 193
347 380
300 820
364 356
791 56
652 457
128 223
168 338
196 719
292 263
136 638
288 329
740 527
35 104
509 120
59 824
5 101
528 456
612 360
95 189
42 103
224 3
140 85
424 245
250 328
62 51
135 427
256 673
136 718
255 672
543 208
656 705
93 416
45 169
204 128
555 222
58 699
209 51
50 46
413 95
30 191
26 128
55 45
306 130
492 119
69 63
44 110
558 308
240 224
489 350
412 2
65 704
304 29
519 306
674 269
763 543
471 149
639 483
845 648
63 247
93 350
651 135
40 115
692 336
84 456
42 132
207 61
155 44
6 8
251 575
339 153
241 654
119 41
309 124
432 553
221 232
835 79
12 451
332 432
145 45
28 19
54 253
292 311
53 46
378 183
103 254
366 571
363 314
520 600
853 804
372 628
12 22
440 367
157 67
448 442
762 160
481 810
534 114
110 162
442 666
550 308
396 197
144 289
120 62
46 730
533 438
126 148
517 66
292 357
15 25
35 80
825 593
265 821
240 578
153 231
9 16
264 303
126 490
812 16
17 1
524 807
422 396
1 57
13 3
504 286
491 93
565 463
389 308
87 39
112 93
88 496
760 7
6 7
255 537
135 594
367 591
255 93
16 131
599 69
518 21
508 720
199 358
43 33
773 846
66 426
365 778
26 443
473 665
138 23
313 736
98 818
226 233
374 682
545 224
501 659
454 44
417 461
58 430
570 196
6 23
462 480
552 276
40 42
261 711
408 280
396 837
573 103
177 596
141 814
56 39
51 817
469 366
675 596
89 246
159 38
267 104
308 239
315 222
382 815
325 288
838 653
541 10
572 418
262 707
366 21
76 381
529 540
593 257
319 415
592 485
327 56
307 9
142 52
175 126
172 29
668 745
282 53
354 222
167 376
43 598
735 744
301 400
526 796
390 69
71 257
550 605
199 208
376 798
111 729
20 176
165 105
458 27
615 386
268 93
175 211
714 255
238 3
138 219
47 30
475 367
686 44
217 507
95 179
844 477
69 833
92 286
196 202
708 455
40 60
124 186
63 715
105 802
52 144
498 635
347 811
222 431
428 50
143 37
632 735
1 2
347 76
96 88
95 23
2 14
351 685
119 437
134 322
826 563
442 468
285 195
387 85
181 641
159 689
392 6
129 75
334 503
683 244
248 56
30 648
379 195
365 46
193 563
141 25
270 351
253 385
148 512
65 60
120 336
477 701
223 743
89 78
266 56
621 480
153 171
382 219
39 27
680 56
210 228
529 222
157 198
147 164
459 706
438 8
728 709
411 356
321 306
473 586
464 753
148 384
568 255
149 197
72 17
155 177
733 298
46 64
45 850
393 13
137 134
178 627
218 42
3 2
106 102
174 70
589 146
523 368
205 138
694 716
261 277
437 805
678 285
220 429
656 141
546 7
405 389
448 556
231 360
441 218
463 435
517 562
486 413
367 511
128 467
52 107
35 152
148 829
803 250
5 6
242 45
731 556
794 83
62 625
668 801
257 474
75 57
79 23
237 24
190 39
127 160
180 161
745 843
770 367
793 751
333 848
99 766
338 420
96 182
47 476
199 337
193 574
331 300
343 349
108 72
670 437
542 606
169 839
828 146
417 364
477 246
751 462
168 22
487 146
230 14
667 533
2 493
299 353
63 45
676 710
94 532
513 54
4 26
581 254
273 37
459 310
272 187
239 373
70 73
856 123
305 144
241 497
522 412
155 618
222 276
721 781
5 1
138 158
88 663
603 331
187 617
111 383
516 497
734 598
148 163
485 16
67 260
203 20
41 17
351 460
657 351
834 424
444 358
143 173
185 234
81 166
409 240
755 831
841 711
141 470
749 747
329 653
436 155
677 490
623 500
316 205
106 561
546 725
88 55
4 10
391 382
154 252
57 99
16 113
2 24
813 581
66 156
86 77
135 535
231 449
752 471
13 71
83 91
465 150
45 102
849 170
118 312
847 128
626 569
145 348
300 268
109 47
301 272
466 790
602 55
726 92
294 7
406 233
93 80
164 642
694 68
676 108
74 371
442 50
135 319
117 126
49 732
347 634
248 564
537 852
4 1
473 255
31 54
40 425
137 139
178 445
271 110
616 162
52 13
8 68
507 631
418 576
281 56
361 352
91 410
192 137
8 125
360 765
514 288
219 690
202 466
857 462
452 783
313 225
772 500
500 376
229 154
39 214
27 4
203 624
717 746
434 225
342 127
559 17
423 406
49 47
656 761
259 101
159 661
277 302
281 403
92 118
544 16
58 29
29 18
290 96
223 395
81 94
194 769
62 66
207 836
194 299
640 702
41 256
41 241
557 119
326 135
547 114
341 832
156 637
66 402
381 610
200 407
45 44
116 100
795 465
398 124
607 823
462 65
96 150
186 258
202 225
124 3
9 3
172 658
320 49
135 375
629 619
39 499
74 194
636 122
698 472
274 266
88 538
76 227
20 51
579 717
161 118
58 250
171 310
228 332
77 146
224 691
51 221
160 724
447 266
199 178
10 482
89 280
386 156
453 782
83 39
314 23
283 388
579 234
854 474
666 759
508 41
75 633
464 244
258 377
33 32
158 195
369 309
671 346
35 28
263 234
159 295
153 333
709 614
89 577
495 235
670 789
644 346
587 69
588 136
77 418
668 113
39 135
31 9
484 303
809 732
619 522
501 288
359 370
63 283
808 65
773 632
560 91
433 185
40 28
779 306
15 11
20 2
205 585
67 65
362 401
12 2
400 816
154 7
424 502
40 664
243 225
259 472
722 627
488 194
788 760
318 324
737 84
101 764
774 369
87 151
830 552
362 212
192 595
11 777
62 70
450 420
270 156
99 114
78 27
108 446
599 660
160 613
337 521
713 547
81 580
149 51
206 151
21 14
609 131
61 51
452 693
842 543
323 25
136 604
9 649
76 82
37 2
679 582
536 448
213 102
87 684
172 498
359 227
350 397
507 780
217 214
481 377
742 464
774 786
750 379
275 11
775 537
757 537
116 367
697 599
262 57
527 270
635 695
374 45
368 756
318 130
116 696
38 7
245 186
650 594
266 799
